[
  {
    "T_base_ee": [
      [
        0.9954792296684921,
        -0.06035921008407089,
        -0.07333395568665872,
        0.5869525583802202
      ],
      [
        -0.05889024364846724,
        -0.9980212868778277,
        0.022032933117251005,
        -0.05200005634792824
      ],
      [
        -0.07451873926503315,
        -0.017614672768805205,
        -0.9970640304421768,
        0.2825015425769537
      ],
      [
        0.0,
        0.0,
        0.0,
        1.0
      ]
    ],
    "T_camera_board": [
      [
        0.05207129292016646,
        -0.9982945945271464,
        -0.026390964201833525,
        0.0835264809937836
      ],
      [
        0.9863311649042001,
        0.05554829342198351,
        -0.15512968844366581,
        -0.1298253853644215
      ],
      [
        0.15633110244716447,
        -0.017952427016575193,
        0.9875415417955178,
        0.3723875197886477
      ],
      [
        0.0,
        0.0,
        0.0,
        1.0
      ]
    ],
    "joint_position": [
      0.001141121072629303,
      0.2072193682808371,
      -0.099837727788731,
      -1.9040188287601132,
      0.039484167411371514,
      2.0346887647717944,
      0.7287972917320401
    ]
  },
  {
    "T_base_ee": [
      [
        0.9935435443638586,
        -0.09864920054305609,
        0.05603178281223612,
        0.5910062873630897
      ],
      [
        -0.11340141507736201,
        -0.8781957059404185,
        0.46466377212589133,
        -0.20264372334674235
      ],
      [
        0.003368161420351942,
        -0.46801777455565324,
        -0.8837126332629971,
        0.2784382375503004
      ],
      [
        0.0,
        0.0,
        0.0,
        1.0
      ]
    ],
    "T_camera_board": [
      [
        0.09146044438199055,
        -0.8659118841440837,
        -0.49176376036821956,
        0.07224132704969388
      ],
      [
        0.9595942033464516,
        0.20860437712580232,
        -0.18884697177303322,
        -0.19557934724796555
      ],
      [
        0.26610891006754656,
        -0.4546216259066421,
        0.8500030736654212,
        0.4276223911885221
      ],
      [
        0.0,
        0.0,
        0.0,
        1.0
      ]
    ],
    "joint_position": [
      -0.3423336536591513,
      0.37444532626553584,
      -0.13727479132507006,
      -1.6981708306606578,
      0.5259348115406239,
      1.8447332123908706,
      0.22028911628325373
    ]
  },
  {
    "T_base_ee": [
      [
        0.9600434807944078,
        0.2590089452040817,
        -0.10597585238357937,
        0.5829874394989317
      ],
      [
        0.14862203302948743,
        -0.7927548665005868,
        -0.59114398663762,
        0.21958528524459858
      ],
      [
        -0.2371244531513761,
        0.5517735839489832,
        -0.7995735774609833,
        0.2790607265438304
      ],
      [
        0.0,
        0.0,
        0.0,
        1.0
      ]
    ],
    "T_camera_board": [
      [
        -0.2730966896578959,
        -0.7816879077393607,
        0.560697969491561,
        0.04220473888918343
      ],
      [
        0.9547988043124799,
        -0.2913712227731604,
        0.05883922010982237,
        -0.10883758638049823
      ],
      [
        0.11737734611652162,
        0.5514225470850226,
        0.8259271960559891,
        0.4351012159800621
      ],
      [
        0.0,
        0.0,
        0.0,
        1.0
      ]
    ],
    "joint_position": [
      0.5680808479713081,
      0.5338192131226521,
      -0.06440193442956489,
      -1.4518470839542306,
      -0.4521063726476815,
      1.548345541556676,
      1.1541660810481342
    ]
  },
  {
    "T_base_ee": [
      [
        0.9333785715499304,
        0.004321054484971212,
        -0.3588673440974388,
        0.6964817880277057
      ],
      [
        -0.020833713178175492,
        -0.9975889698043613,
        -0.06619821538291616,
        -0.06162272756204083
      ],
      [
        -0.35828815019006865,
        0.06926453502920056,
        -0.9310381440201941,
        0.29320290440924096
      ],
      [
        0.0,
        0.0,
        0.0,
        1.0
      ]
    ],
    "T_camera_board": [
      [
        -0.01752252436140899,
        -0.9976649227769055,
        0.06601259728683956,
        0.12773933254638883
      ],
      [
        0.9879978205480099,
        -0.007142981601913312,
        0.1543025742047644,
        -0.15318873030282756
      ],
      [
        -0.15347073901035965,
        0.06792407286364203,
        0.9858159324099139,
        0.42945103408556606
      ],
      [
        0.0,
        0.0,
        0.0,
        1.0
      ]
    ],
    "joint_position": [
      -0.007761730287894798,
      0.9482245979815472,
      -0.12832508931949652,
      -0.6602281215901961,
      0.0017291189351204604,
      1.2446617360910024,
      0.6923806949096422
    ]
  },
  {
    "T_base_ee": [
      [
        0.9543146245463175,
        0.012031264568645186,
        0.2985612936231024,
        0.4836370136229879
      ],
      [
        0.016964202748082448,
        -0.9997589694595602,
        -0.01393624089488443,
        -0.04735129358376617
      ],
      [
        0.29832166063184723,
        0.018364412814940754,
        -0.9542887063880717,
        0.29208767086986026
      ],
      [
        0.0,
        0.0,
        0.0,
        1.0
      ]
    ],
    "T_camera_board": [
      [
        -0.019458512712854897,
        -0.9997984857193205,
        0.004935001150723789,
        0.09811817016853012
      ],
      [
        0.8720880454481528,
        -0.019386484972428494,
        -0.488964830214643,
        -0.11369769806356138
      ],
      [
        0.48896196914425205,
        -0.005210772857051543,
        0.8722895394172787,
        0.35895580828870366
      ],
      [
        0.0,
        0.0,
        0.0,
        1.0
      ]
    ],
    "joint_position": [
      0.04126275732997111,
      -0.26700621742231484,
      -0.14432685479364898,
      -2.5601922558232357,
      -0.04041778441601329,
      2.598653072913488,
      0.6981675906614017
    ]
  },
  {
    "T_base_ee": [
      [
        0.797530458826201,
        -0.5337326664052358,
        0.28120207690631793,
        0.39436359517479685
      ],
      [
        -0.5995635211895018,
        -0.6495952204228631,
        0.4674929236497788,
        -0.2334812315159334
      ],
      [
        -0.06684871953384927,
        -0.5414383532921633,
        -0.8380786110389381,
        0.30085071643287886
      ],
      [
        0.0,
        0.0,
        0.0,
        1.0
      ]
    ],
    "T_camera_board": [
      [
        0.525269089726454,
        -0.6436278547674553,
        -0.5566287523523967,
        0.05709776445062912
      ],
      [
        0.7217880021046444,
        0.6834531139164494,
        -0.10915090973370108,
        -0.13990481656282974
      ],
      [
        0.4506822199684919,
        -0.3444343560758018,
        0.8235596584091036,
        0.5020447443720102
      ],
      [
        0.0,
        0.0,
        0.0,
        1.0
      ]
    ],
    "joint_position": [
      0.0981686469651105,
      -0.24713774598063085,
      -0.7993686156495969,
      -2.378244162877401,
      0.454091724863405,
      2.072759042042589,
      0.5236567771074672
    ]
  },
  {
    "T_base_ee": [
      [
        0.8636788123936103,
        0.4683795338250806,
        0.1862243843221489,
        0.473025076126515
      ],
      [
        0.49524161388860666,
        -0.7198163036225285,
        -0.48641569969750004,
        0.19722095466575273
      ],
      [
        -0.09377981070236505,
        0.5123329984814569,
        -0.8536511264981899,
        0.2928776729323239
      ],
      [
        0.0,
        0.0,
        0.0,
        1.0
      ]
    ],
    "T_camera_board": [
      [
        -0.4713680938363217,
        -0.7110719871839843,
        0.5217171160268103,
        0.039082494120433416
      ],
      [
        0.7970180767856958,
        -0.5967213261015814,
        -0.09319787686637956,
        -0.08336377217947931
      ],
      [
        0.3775901288301156,
        0.3718874668737705,
        0.8480126217175464,
        0.4239532956814855
      ],
      [
        0.0,
        0.0,
        0.0,
        1.0
      ]
    ],
    "joint_position": [
      0.43725539040068423,
      0.0012244184316856851,
      0.12900113628935395,
      -2.1850568507527908,
      -0.5934314850823781,
      1.991123197476069,
      1.1068404503303269
    ]
  },
  {
    "T_base_ee": [
      [
        0.8435006586138664,
        0.4771158950793216,
        -0.24671250795334976,
        0.7080754507486262
      ],
      [
        0.3351560798598582,
        -0.8264506486967861,
        -0.4523822801587544,
        0.1008673326299856
      ],
      [
        -0.41973448875562547,
        0.29889755424111314,
        -0.857019959521209,
        0.2718143499429657
      ],
      [
        0.0,
        0.0,
        0.0,
        1.0
      ]
    ],
    "T_camera_board": [
      [
        -0.48905543931993367,
        -0.820746262167879,
        0.2952970545214458,
        0.1470924192825826
      ],
      [
        0.8701730437523031,
        -0.4357155650789142,
        0.23011045233716515,
        -0.14410169322722816
      ],
      [
        -0.06019677066453748,
        0.36949630510387727,
        0.9272803401971508,
        0.3979219063504247
      ],
      [
        0.0,
        0.0,
        0.0,
        1.0
      ]
    ],
    "joint_position": [
      0.24990664030434326,
      1.0463165622840709,
      0.04761936557031514,
      -0.5776020496155433,
      -0.4395218802564461,
      1.250249615095409,
      0.5537716030522569
    ]
  },
  {
    "T_base_ee": [
      [
        0.9009862256184914,
        -0.3181459882135637,
        -0.2949694076160441,
        0.6562092938309346
      ],
      [
        -0.1441253203730879,
        -0.8607670080606148,
        0.48816805493777693,
        -0.21221900550195313
      ],
      [
        -0.4092086427155465,
        -0.3973201329129856,
        -0.8213921102061473,
        0.2521768548444624
      ],
      [
        0.0,
        0.0,
        0.0,
        1.0
      ]
    ],
    "T_camera_board": [
      [
        0.3117995221056374,
        -0.8586923535008243,
        -0.4067290253398585,
        0.06468601870920959
      ],
      [
        0.9450700681008343,
        0.23608468937473504,
        0.22606765762204706,
        -0.1550172774868548
      ],
      [
        -0.09810007336684484,
        -0.4548752152866212,
        0.88513553432419,
        0.47446597175312066
      ],
      [
        0.0,
        0.0,
        0.0,
        1.0
      ]
    ],
    "joint_position": [
      -0.4482249873337717,
      1.0836715680756253,
      0.05671049217121643,
      -0.5561411264655286,
      0.3157569043644287,
      1.1475817390349177,
      0.6911193191640906
    ]
  },
  {
    "T_base_ee": [
      [
        0.6936596637714942,
        0.7198875676169939,
        -0.024457327059718217,
        0.6204395399324965
      ],
      [
        0.7020956465124201,
        -0.6833219911931898,
        -0.20033162381431843,
        0.006470526344354969
      ],
      [
        -0.16092847481016204,
        0.12179058396387901,
        -0.9794228298610428,
        0.3189011681878567
      ],
      [
        0.0,
        0.0,
        0.0,
        1.0
      ]
    ],
    "T_camera_board": [
      [
        -0.7239941093710768,
        -0.680051270799488,
        0.11559757211975782,
        0.1703958441231091
      ],
      [
        0.6763187335719928,
        -0.732776538707833,
        -0.0750434203574409,
        -0.06213385985477235
      ],
      [
        0.1357405621601631,
        0.023849809294186994,
        0.9904573117409315,
        0.4087035587143229
      ],
      [
        0.0,
        0.0,
        0.0,
        1.0
      ]
    ],
    "joint_position": [
      0.01073838111536024,
      0.24804807626772263,
      0.06093829277732915,
      -1.7637724032154436,
      -0.23226781563497492,
      1.9624013455267306,
      0.14829273617996816
    ]
  },
  {
    "T_base_ee": [
      [
        0.5895384440247659,
        -0.805850720381097,
        -0.05521810824471699,
        0.5881070661480655
      ],
      [
        -0.7894524110468344,
        -0.5893072284837776,
        0.17170288625736255,
        -0.1116589093161313
      ],
      [
        -0.17090732491382057,
        -0.057633383711489954,
        -0.9836000606815588,
        0.330311257630388
      ],
      [
        0.0,
        0.0,
        0.0,
        1.0
      ]
    ],
    "T_camera_board": [
      [
        0.801151047819496,
        -0.596759992573778,
        -0.04510554113485548,
        -0.017379702251225145
      ],
      [
        0.5946388864604438,
        0.8022744911306687,
        -0.052537944288961407,
        -0.1800061559856054
      ],
      [
        0.0675395683048618,
        0.015269320363757548,
        0.9975997466764022,
        0.43693897314375335
      ],
      [
        0.0,
        0.0,
        0.0,
        1.0
      ]
    ],
    "joint_position": [
      -0.06328924181691385,
      0.21000656093292655,
      -0.1863890460457222,
      -1.7774287118577121,
      0.20191966993806681,
      1.8806299118303458,
      1.400552980099702
    ]
  },
  {
    "T_base_ee": [
      [
        0.17161115871752747,
        -0.9767318314045823,
        0.12862557958927937,
        0.5434692081202613
      ],
      [
        -0.7866192833567938,
        -0.05724846085212992,
        0.61477859167452,
        -0.23251596789626047
      ],
      [
        -0.5931102032968845,
        -0.20668222770986522,
        -0.7781405679528705,
        0.2466943112701495
      ],
      [
        0.0,
        0.0,
        0.0,
        1.0
      ]
    ],
    "T_camera_board": [
      [
        0.978808025630462,
        -0.06966532369575086,
        -0.19256581118091315,
        -0.10580481710837293
      ],
      [
        0.14607103087843165,
        0.8965706548728996,
        0.41811997651259414,
        -0.1285152503322626
      ],
      [
        0.1435203919291928,
        -0.43738747523808486,
        0.8877466381830711,
        0.4459325915984534
      ],
      [
        0.0,
        0.0,
        0.0,
        1.0
      ]
    ],
    "joint_position": [
      -0.25692541119926854,
      0.38955893265573605,
      -0.3794053362336075,
      -1.8100912598727037,
      0.7664456789816917,
      1.7598165305298796,
      1.281321789740003
    ]
  },
  {
    "T_base_ee": [
      [
        0.3764444832077639,
        -0.8610937720894545,
        0.3417704883853995,
        0.42461650757399005
      ],
      [
        -0.7670403325699715,
        -0.0828044619593139,
        0.6362330935204301,
        -0.2069006679970617
      ],
      [
        -0.5195562330233249,
        -0.5016581871637136,
        -0.6916649362069972,
        0.22947348429510162
      ],
      [
        0.0,
        0.0,
        0.0,
        1.0
      ]
    ],
    "T_camera_board": [
      [
        0.8612159899592952,
        -0.08388626662070471,
        -0.5012685038089578,
        -0.0557125665981247
      ],
      [
        0.2961724088344912,
        0.884345769554578,
        0.3608524132053106,
        -0.09547168637226247
      ],
      [
        0.4130241190095394,
        -0.4592337685137726,
        0.7864575150464471,
        0.4329001448976497
      ],
      [
        0.0,
        0.0,
        0.0,
        1.0
      ]
    ],
    "joint_position": [
      -0.09410020347786352,
      0.05823872212122165,
      -0.6242800805746793,
      -2.345252799084312,
      0.9041057451610758,
      1.959664617460187,
      0.8090321147097804
    ]
  },
  {
    "T_base_ee": [
      [
        0.11118429962348508,
        -0.9718899339253351,
        -0.20752833023913475,
        0.6664094005219701
      ],
      [
        -0.7708926130710061,
        -0.21613255005168208,
        0.5991755167901254,
        -0.19579664354408122
      ],
      [
        -0.6271862806453851,
        0.09336314659845951,
        -0.7732533169844429,
        0.24159066071053575
      ],
      [
        0.0,
        0.0,
        0.0,
        1.0
      ]
    ],
    "T_camera_board": [
      [
        0.9634778565666238,
        -0.2396260733931711,
        0.11953980448350647,
        -0.11237982866786851
      ],
      [
        0.16420515437423594,
        0.8812893638252217,
        0.44313172362794034,
        -0.10720136990183954
      ],
      [
        -0.21153507317397208,
        -0.4073185512086413,
        0.8884506236469056,
        0.4705040540988767
      ],
      [
        0.0,
        0.0,
        0.0,
        1.0
      ]
    ],
    "joint_position": [
      -0.21320164936258082,
      1.0460791175745754,
      -0.5483540577114253,
      -0.7611421527527925,
      0.903727719373664,
      1.1755115600493218,
      1.641416774172774
    ]
  },
  {
    "T_base_ee": [
      [
        0.40023509358720144,
        -0.8847893622053552,
        -0.23866221818604927,
        0.6715938731095823
      ],
      [
        -0.7477564051634048,
        -0.16474954434536282,
        -0.6432090998851757,
        0.15559011910966836
      ],
      [
        0.5297850775534799,
        0.4358960566078071,
        -0.7275454621090129,
        0.28792725683570897
      ],
      [
        0.0,
        0.0,
        0.0,
        1.0
      ]
    ],
    "T_camera_board": [
      [
        0.871939225774867,
        -0.16803434323594946,
        0.4598765552280184,
        -0.06415868522169023
      ],
      [
        0.461987584611635,
        0.5934080089622312,
        -0.6591163831708235,
        -0.18751696964873027
      ],
      [
        -0.1621402424441043,
        0.7871666878068098,
        0.5950455002665119,
        0.4063282345724552
      ],
      [
        0.0,
        0.0,
        0.0,
        1.0
      ]
    ],
    "joint_position": [
      0.6526284985152842,
      1.0566452861735176,
      -0.638029680486311,
      -0.7039145058665359,
      -0.0921924907697981,
      1.2283692017325156,
      2.1894243797440005
    ]
  },
  {
    "T_base_ee": [
      [
        0.7735045001154489,
        -0.6167401408324736,
        0.1460218716052173,
        0.5120948645821859
      ],
      [
        -0.41356541106054234,
        -0.665738681560691,
        -0.6210923108911893,
        0.14220606863076557
      ],
      [
        0.4802649675704804,
        0.4200281021071968,
        -0.7700142559490389,
        0.3073205855091586
      ],
      [
        0.0,
        0.0,
        0.0,
        1.0
      ]
    ],
    "T_camera_board": [
      [
        0.6042986781544517,
        -0.6722920090944515,
        0.427605615127454,
        0.04999956348475244
      ],
      [
        0.7351351484423758,
        0.2635067416146535,
        -0.6246122882622742,
        -0.1652220023791738
      ],
      [
        0.3072448878425622,
        0.691800297507434,
        0.6534622615447945,
        0.3677351668399259
      ],
      [
        0.0,
        0.0,
        0.0,
        1.0
      ]
    ],
    "joint_position": [
      0.06719956746226861,
      0.0834013620018959,
      0.4296975105478052,
      -2.074807953075987,
      -0.730165282279912,
      1.8445158700214492,
      2.223054612838965
    ]
  },
  {
    "T_base_ee": [
      [
        0.8435787238333269,
        -0.046927122876676164,
        0.5349511957499052,
        0.4219775414762439
      ],
      [
        -0.0821148235261821,
        -0.9957315262346994,
        0.04214123182324617,
        -0.0350004629375498
      ],
      [
        0.5306902038411866,
        -0.07947686959634193,
        -0.843831342595288,
        0.3136340847379132
      ],
      [
        0.0,
        0.0,
        0.0,
        1.0
      ]
    ],
    "T_camera_board": [
      [
        0.04645052774225722,
        -0.9952054807735033,
        -0.0860720599895588,
        0.05920687186540937
      ],
      [
        0.7267736055250826,
        0.09278293617756503,
        -0.680581701977317,
        -0.15086491176291816
      ],
      [
        0.6853046583706677,
        -0.030941522145012945,
        0.7275988918510065,
        0.3770491666190702
      ],
      [
        0.0,
        0.0,
        0.0,
        1.0
      ]
    ],
    "joint_position": [
      0.2715031935509882,
      -0.6143731014101129,
      -0.46325444301787744,
      -2.8685932384624815,
      -0.4067331199977133,
      2.841142644068039,
      1.021829524886092
    ]
  },
  {
    "T_base_ee": [
      [
        0.33588422295793,
        0.9416134875192236,
        -0.023362981184626888,
        0.5948045678055044
      ],
      [
        0.9129777677930419,
        -0.33156895237191125,
        -0.2377680073908775,
        0.023660202009465902
      ],
      [
        -0.23163200185549204,
        0.05853263999580875,
        -0.9710409598835359,
        0.29983988481265855
      ],
      [
        0.0,
        0.0,
        0.0,
        1.0
      ]
    ],
    "T_camera_board": [
      [
        -0.9431674815385448,
        -0.32829310586116955,
        0.05156295581389428,
        0.14037412635342647
      ],
      [
        0.3287091269506548,
        -0.9444311092294342,
        -0.0004356363149280295,
        0.01338928372844903
      ],
      [
        0.04884067595331812,
        0.016538336182562972,
        0.998669650990124,
        0.405328509589793
      ],
      [
        0.0,
        0.0,
        0.0,
        1.0
      ]
    ],
    "joint_position": [
      0.4590820674990353,
      0.20667390363302882,
      -0.3773276161520104,
      -1.892698682918883,
      -0.18052676605537193,
      2.0336065304279325,
      -0.26762499562829034
    ]
  },
  {
    "T_base_ee": [
      [
        0.43175001256408313,
        0.8857950145244509,
        0.17017379026907173,
        0.5280539364284494
      ],
      [
        0.7403876382485837,
        -0.45578958982079193,
        0.49404655138931886,
        -0.23569900340079075
      ],
      [
        0.5151874142286462,
        -0.08731003410045254,
        -0.8526188399078332,
        0.30899985717880796
      ],
      [
        0.0,
        0.0,
        0.0,
        1.0
      ]
    ],
    "T_camera_board": [
      [
        -0.8907729014066393,
        -0.4422785580413646,
        -0.10446681394801334,
        0.15440294762272844
      ],
      [
        0.38099257217230365,
        -0.6014826122580268,
        -0.7021846816192961,
        -0.040351877708815154
      ],
      [
        0.24772625631759265,
        -0.6652881663220168,
        0.7042892571115643,
        0.511480250917612
      ],
      [
        0.0,
        0.0,
        0.0,
        1.0
      ]
    ],
    "joint_position": [
      0.08980074095802244,
      0.2455992691969048,
      -0.7287939196818782,
      -1.888632565070783,
      0.7075256894959343,
      1.8074281966056718,
      -1.1908537861071524
    ]
  },
  {
    "T_base_ee": [
      [
        0.7169504492115845,
        0.5402664677503224,
        0.44056122979660556,
        0.4101752792871044
      ],
      [
        0.35942210978626665,
        -0.8279700295902322,
        0.4304432333039273,
        -0.19645828198677584
      ],
      [
        0.5973255396951452,
        -0.1502590227738093,
        -0.7877971983340405,
        0.2585863311738548
      ],
      [
        0.0,
        0.0,
        0.0,
        1.0
      ]
    ],
    "T_camera_board": [
      [
        -0.5520256508173726,
        -0.8156234555293161,
        -0.17328029209945886,
        0.12691295089636814
      ],
      [
        0.6032882314779989,
        -0.2472257486139955,
        -0.758236598287367,
        -0.07290706646827257
      ],
      [
        0.5755962044695957,
        -0.5231040126138081,
        0.6285309868157087,
        0.4407769012813785
      ],
      [
        0.0,
        0.0,
        0.0,
        1.0
      ]
    ],
    "joint_position": [
      0.2201088380135322,
      -0.2956901136743129,
      -0.8355126710774604,
      -2.5676169734419436,
      0.6588271863137682,
      2.388464254935656,
      -0.8338515870025224
    ]
  },
  {
    "T_base_ee": [
      [
        -0.34292966880117426,
        0.8895988490464719,
        0.30168382460965526,
        0.49432753199536755
      ],
      [
        0.6235981149886185,
        0.4557776016846363,
        -0.6351316153249202,
        0.23155964219321015
      ],
      [
        -0.7025130840337127,
        -0.02967601013939164,
        -0.7110518273541305,
        0.24602047713639263
      ],
      [
        0.0,
        0.0,
        0.0,
        1.0
      ]
    ],
    "T_camera_board": [
      [
        -0.8895007869248004,
        0.45468361778482347,
        -0.04528970940804933,
        0.09395403170691662
      ],
      [
        -0.4115318711364183,
        -0.7541004239674173,
        0.5118340254527047,
        0.021660425184322867
      ],
      [
        0.1985695573322341,
        0.4739149272709883,
        0.8578897205414074,
        0.41178165675481054
      ],
      [
        0.0,
        0.0,
        0.0,
        1.0
      ]
    ],
    "joint_position": [
      0.7874045539442552,
      0.20762059847395992,
      -0.1315065824027946,
      -2.0875508505802998,
      -0.8014184340958794,
      1.9495072469120498,
      -0.17212520980526044
    ]
  },
  {
    "T_base_ee": [
      [
        0.011226794551778038,
        0.9995230434370939,
        0.02876881510145063,
        0.6029187475339373
      ],
      [
        0.6534429128588493,
        0.014444151772095279,
        -0.7568379787736125,
        0.2276427977691366
      ],
      [
        -0.7568925410642084,
        0.027295642836063894,
        -0.6529690874486569,
        0.251062562321531
      ],
      [
        0.0,
        0.0,
        0.0,
        1.0
      ]
    ],
    "T_camera_board": [
      [
        -0.9998692314019078,
        0.014317592469629272,
        0.007518420155315987,
        0.13804958323689046
      ],
      [
        -0.00731071086493937,
        -0.8148875559195687,
        0.5795729675494545,
        0.02434735417591227
      ],
      [
        0.014424756580528629,
        0.5794422126090792,
        0.8148856659951057,
        0.4267610296281902
      ],
      [
        0.0,
        0.0,
        0.0,
        1.0
      ]
    ],
    "joint_position": [
      0.7842639255308984,
      0.6601166555887924,
      -0.28083974256912564,
      -1.4190503099675764,
      -0.5657205352319611,
      1.5920466309042622,
      -0.11439993713048428
    ]
  },
  {
    "T_base_ee": [
      [
        0.08597761505776096,
        0.9787640161502402,
        -0.1860882865696597,
        0.7061036056349289
      ],
      [
        0.8815093666956082,
        -0.16177214066648712,
        -0.4435887858502401,
        0.12177400127607288
      ],
      [
        -0.4642726420293224,
        -0.1258998617697201,
        -0.8766984308583414,
        0.32089757389194706
      ],
      [
        0.0,
        0.0,
        0.0,
        1.0
      ]
    ],
    "T_camera_board": [
      [
        -0.9756538058364355,
        -0.15550563315335642,
        -0.15465331944207608,
        0.17593729912859898
      ],
      [
        0.11594499387331153,
        -0.9642846688383706,
        0.2381424696247853,
        0.0006618020415709446
      ],
      [
        -0.18616232044266326,
        0.21441332864551071,
        0.9588381067451142,
        0.48744452366427604
      ],
      [
        0.0,
        0.0,
        0.0,
        1.0
      ]
    ],
    "joint_position": [
      0.2934927756169386,
      1.0214856375209205,
      0.01093991841258187,
      -0.49820886880899234,
      -0.4149161455167664,
      1.2102381813523189,
      -0.4392868423822025
    ]
  },
  {
    "T_base_ee": [
      [
        0.9563405403226508,
        -0.017840219208410116,
        -0.2917096116242597,
        0.6997971901376264
      ],
      [
        -0.017117211661446263,
        -0.9998408340208993,
        0.005030674838434774,
        -0.05672092207664575
      ],
      [
        -0.2917529297201963,
        0.000182216872674462,
        -0.9564936982524734,
        0.3417964483516168
      ],
      [
        0.0,
        0.0,
        0.0,
        1.0
      ]
    ],
    "T_camera_board": [
      [
        0.0036545323852407723,
        -0.9999901517505309,
        -0.002518093523944276,
        0.0974619745963898
      ],
      [
        0.9969146521395741,
        0.0034458282451472707,
        0.07841748922999786,
        -0.17800282506543674
      ],
      [
        -0.07840804003721245,
        -0.0027969035834381206,
        0.9969174271662963,
        0.4777172855004885
      ],
      [
        0.0,
        0.0,
        0.0,
        1.0
      ]
    ],
    "joint_position": [
      -0.0772348438990968,
      0.9426317629480994,
      0.006800211723574362,
      -0.5380662081283435,
      -0.023304257281952435,
      1.1851296230157216,
      0.7252947070587944
    ]
  },
  {
    "T_base_ee": [
      [
        0.9605533548844151,
        -0.2653563014822534,
        0.08320628392107454,
        0.5173728710760732
      ],
      [
        -0.26373142453232445,
        -0.7742924016590486,
        0.5752538678246446,
        -0.22615024190891034
      ],
      [
        -0.08822124536893527,
        -0.5745061444377442,
        -0.8137319594736537,
        0.2863617563845504
      ],
      [
        0.0,
        0.0,
        0.0,
        1.0
      ]
    ],
    "T_camera_board": [
      [
        0.26269160967911753,
        -0.7687809376852311,
        -0.5830685963555324,
        0.031643225611036066
      ],
      [
        0.9209039532125473,
        0.38011803185868964,
        -0.0862913136612177,
        -0.1446034896305495
      ],
      [
        0.2879740043158352,
        -0.5142821712909099,
        0.8078272223257956,
        0.47684304878206185
      ],
      [
        0.0,
        0.0,
        0.0,
        1.0
      ]
    ],
    "joint_position": [
      -0.4178116524794647,
      0.24933707859432488,
      -0.18871404394468191,
      -1.8724385314560927,
      0.605438879170481,
      1.7628573715686795,
      0.2458727393187582
    ]
  },
  {
    "T_base_ee": [
      [
        0.9958181211409218,
        0.00039579931446962315,
        0.09135706294680937,
        0.5428661229696746
      ],
      [
        -0.005811513847398133,
        -0.9976908595198075,
        0.06766960275803084,
        -0.05304342741983288
      ],
      [
        0.09117289023698943,
        -0.0679175395132278,
        -0.9935163370132891,
        0.4708038955184667
      ],
      [
        0.0,
        0.0,
        0.0,
        1.0
      ]
    ],
    "T_camera_board": [
      [
        -0.009109486073218147,
        -0.99657228786343,
        -0.0822234293016949,
        0.06342092419072817
      ],
      [
        0.9493629550251064,
        0.017205077551230425,
        -0.3137100013267893,
        -0.18680034615343585
      ],
      [
        0.3140493542255418,
        -0.08091761470227063,
        0.9459520826878153,
        0.5619049688034351
      ],
      [
        0.0,
        0.0,
        0.0,
        1.0
      ]
    ],
    "joint_position": [
      -0.03313624477438759,
      -0.10881585996700882,
      -0.08607787304384686,
      -1.8485274217235237,
      0.07103219952404881,
      1.8225014809767406,
      0.6541587742399496
    ]
  },
  {
    "T_base_ee": [
      [
        -0.08557611414793294,
        -0.9095956095093228,
        0.4065864678622542,
        0.42954239761841895
      ],
      [
        -0.7823750793238812,
        0.3140227911332189,
        0.537846559812233,
        -0.2422145291760792
      ],
      [
        -0.6169002868700022,
        -0.27207630144918304,
        -0.7385177873615791,
        0.20286126162825147
      ],
      [
        0.0,
        0.0,
        0.0,
        1.0
      ]
    ],
    "T_camera_board": [
      [
        0.9153407550766517,
        0.30662160225533147,
        -0.2610258514516876,
        -0.1079816028324831
      ],
      [
        -0.1632285803586802,
        0.8751053292215263,
        0.45557336766120776,
        -0.13874243702628192
      ],
      [
        0.36811374960709503,
        -0.37439799117844824,
        0.8510689816646754,
        0.4083379607548868
      ],
      [
        0.0,
        0.0,
        0.0,
        1.0
      ]
    ],
    "joint_position": [
      -0.06832237132786566,
      0.13133607153718094,
      -0.6699707908797682,
      -2.3357761594425184,
      0.984101042634911,
      2.074043157870959,
      1.186556961102618
    ]
  },
  {
    "T_base_ee": [
      [
        0.11823656314745949,
        -0.859182118553077,
        0.49782145624081287,
        0.4004462270638689
      ],
      [
        -0.979734569274302,
        -0.019310431846717505,
        0.1993672013917823,
        -0.11271895578519919
      ],
      [
        -0.16167958715921762,
        -0.5113053827024902,
        -0.8440536219432302,
        0.2330942684251888
      ],
      [
        0.0,
        0.0,
        0.0,
        1.0
      ]
    ],
    "T_camera_board": [
      [
        0.8693811380221905,
        -0.0255883897566774,
        -0.4934791496718997,
        -0.04361639323010461
      ],
      [
        0.06526880518102626,
        0.9958548867365731,
        0.06334846196340137,
        -0.0967140737798604
      ],
      [
        0.48981263756816446,
        -0.08728275243453106,
        0.8674475783619262,
        0.36016288843286565
      ],
      [
        0.0,
        0.0,
        0.0,
        1.0
      ]
    ],
    "joint_position": [
      0.17008180524591815,
      -0.4085080577374511,
      -0.47376049621481636,
      -2.861592408330817,
      0.7039770943787362,
      2.881505585908889,
      1.321215532451868
    ]
  },
  {
    "T_base_ee": [
      [
        0.16379194395156202,
        -0.9777822986335447,
        -0.13082039434075285,
        0.6055685776406075
      ],
      [
        -0.8493409148352185,
        -0.2072280895111688,
        0.4854652709560443,
        -0.19453044811119038
      ],
      [
        -0.5017890089304895,
        0.03159581295761682,
        -0.8644128036535002,
        0.23432123505823857
      ],
      [
        0.0,
        0.0,
        0.0,
        1.0
      ]
    ],
    "T_camera_board": [
      [
        0.9739310947032424,
        -0.22105382639972715,
        0.05092571653087855,
        -0.0732653597987797
      ],
      [
        0.19546751269555013,
        0.9317184149741835,
        0.30609352603184903,
        -0.14978159893554913
      ],
      [
        -0.11511157305309944,
        -0.28815967974724466,
        0.9506383774691649,
        0.4183308514241507
      ],
      [
        0.0,
        0.0,
        0.0,
        1.0
      ]
    ],
    "joint_position": [
      0.09314805082980189,
      0.6930104375103003,
      -0.716479110675452,
      -1.4568570044346931,
      0.7669360852359254,
      1.5303782555644891,
      1.4064950005697534
    ]
  },
  {
    "T_base_ee": [
      [
        0.5396280037461668,
        0.8390217423028863,
        -0.06959980974080832,
        0.6684786634969988
      ],
      [
        0.7719959523516255,
        -0.5261086527956348,
        -0.3566958578484891,
        0.07609616962532598
      ],
      [
        -0.3358926422618311,
        0.1387523023109594,
        -0.9316243510545302,
        0.3024903900817016
      ],
      [
        0.0,
        0.0,
        0.0,
        1.0
      ]
    ],
    "T_camera_board": [
      [
        -0.8422077523422875,
        -0.5232500240594072,
        0.12998274584106123,
        0.18887226317670033
      ],
      [
        0.5368111900021354,
        -0.8362616749301696,
        0.11180410248053846,
        -0.06977782909971943
      ],
      [
        0.05019808943618622,
        0.16393847432746628,
        0.9851925336969112,
        0.40543371366586667
      ],
      [
        0.0,
        0.0,
        0.0,
        1.0
      ]
    ],
    "joint_position": [
      0.3807268724965032,
      0.5105192950315625,
      -0.22278004770739038,
      -1.4296911611222383,
      -0.24305259338082089,
      1.7847971423623705,
      0.04633272192254662
    ]
  }
]