[
  {
    "T_base_ee": [
      [
        0.9923556677677442,
        0.0023973882465948143,
        0.1233875244051438,
        0.5207523812391319
      ],
      [
        -0.0076762004431261185,
        -0.996676269536081,
        0.08110172433677636,
        -0.07722367744943089
      ],
      [
        0.12317184985211443,
        -0.0814289031808522,
        -0.9890389421710207,
        0.32982038165265043
      ],
      [
        0.0,
        0.0,
        0.0,
        1.0
      ]
    ],
    "T_camera_board": [
      [
        0.038782758031813615,
        0.9927623118123718,
        -0.11366129475067874,
        -0.045326321501046665
      ],
      [
        -0.90172285706162,
        -0.01424254445629011,
        -0.43207989883821235,
        0.01869260473099436
      ],
      [
        -0.4305714653017255,
        0.11924823760695785,
        0.8946441030351453,
        0.46885257230843735
      ],
      [
        0.0,
        0.0,
        0.0,
        1.0
      ]
    ]
  },
  {
    "T_base_ee": [
      [
        0.9989743170437069,
        0.045155258018902994,
        -0.003364009557946107,
        0.49608034944518875
      ],
      [
        0.04188987013267337,
        -0.8934119396623972,
        0.4472810580037358,
        -0.24093664222503305
      ],
      [
        0.01719164527691913,
        -0.44696320736937595,
        -0.8943871301571558,
        0.2735841751978832
      ],
      [
        0.0,
        0.0,
        0.0,
        1.0
      ]
    ],
    "T_camera_board": [
      [
        0.0758103573357251,
        0.874279922943362,
        -0.4794657506629422,
        0.002815097211848336
      ],
      [
        -0.9501804988132252,
        -0.08245838232499253,
        -0.3005954671304873,
        0.08756617690030005
      ],
      [
        -0.3023405520198708,
        0.47836725590543333,
        0.8244725338553284,
        0.4673795405949356
      ],
      [
        0.0,
        0.0,
        0.0,
        1.0
      ]
    ]
  },
  {
    "T_base_ee": [
      [
        0.9899432698522042,
        -0.015929833170645454,
        -0.14056515531767316,
        0.559061150457187
      ],
      [
        -0.09587676258811312,
        -0.8061732588474828,
        -0.5838598488634511,
        0.20853322958480114
      ],
      [
        -0.10401907935541813,
        0.5914650599438523,
        -0.7995930927638548,
        0.27632055679524753
      ],
      [
        0.0,
        0.0,
        0.0,
        1.0
      ]
    ],
    "T_camera_board": [
      [
        0.017550261083214315,
        0.8023726576978081,
        0.5965652575493037,
        -0.08051985576811432
      ],
      [
        -0.9781117297381461,
        0.13750717913894067,
        -0.1561704832351585,
        0.06276336211470811
      ],
      [
        -0.20733893142524568,
        -0.5807666432089632,
        0.787223395010101,
        0.5330024959371441
      ],
      [
        0.0,
        0.0,
        0.0,
        1.0
      ]
    ]
  },
  {
    "T_base_ee": [
      [
        0.9056875064608718,
        0.1044119288784413,
        -0.41088719832646453,
        0.6796360401158451
      ],
      [
        0.12475340983720137,
        -0.991922927838728,
        0.02292361144839034,
        -0.08023899612861783
      ],
      [
        -0.40517493428725243,
        -0.07202120754145142,
        -0.91139794727089,
        0.30619272648502893
      ],
      [
        0.0,
        0.0,
        0.0,
        1.0
      ]
    ],
    "T_camera_board": [
      [
        0.14078797180482638,
        0.9859984798018501,
        -0.08936299470991348,
        -0.03296362757560592
      ],
      [
        -0.9843593626551631,
        0.14906396543271214,
        0.09389664191330976,
        0.03740656623765607
      ],
      [
        0.10590274853942429,
        0.0747457827433482,
        0.9915632485191652,
        0.417813922614289
      ],
      [
        0.0,
        0.0,
        0.0,
        1.0
      ]
    ]
  },
  {
    "T_base_ee": [
      [
        0.8807185875421194,
        0.05968340851357078,
        0.46986451271192714,
        0.38598482462356964
      ],
      [
        0.0240252122634698,
        -0.9963812893069489,
        0.08152984419657333,
        -0.03530854781906525
      ],
      [
        0.47303018797272306,
        -0.06051625457035926,
        -0.8789654283299576,
        0.3158244937838338
      ],
      [
        0.0,
        0.0,
        0.0,
        1.0
      ]
    ],
    "T_camera_board": [
      [
        0.08788827072998265,
        0.9929442598183074,
        -0.07960746674758101,
        -0.0939573783190131
      ],
      [
        -0.6979690262401763,
        0.004366023955341566,
        -0.7161146390377464,
        -0.0004900176976585744
      ],
      [
        -0.7107143520975454,
        0.11850162331670949,
        0.6934280604315572,
        0.5322873720908201
      ],
      [
        0.0,
        0.0,
        0.0,
        1.0
      ]
    ]
  },
  {
    "T_base_ee": [
      [
        0.4038754946414542,
        0.844355855402446,
        0.3520621738780304,
        0.40904086158903796
      ],
      [
        0.6554023124538275,
        -0.535554142965263,
        0.532568839477976,
        -0.27105416928247733
      ],
      [
        0.6382259738198502,
        0.01565085941238986,
        -0.7696899745620684,
        0.2726091029678657
      ],
      [
        0.0,
        0.0,
        0.0,
        1.0
      ]
    ],
    "T_camera_board": [
      [
        0.8607702870048741,
        0.5083008941967224,
        -0.026546449260854255,
        -0.12394222013004798
      ],
      [
        -0.2865128954892616,
        0.44076160394128877,
        -0.850670070714529,
        -0.05125476560818545
      ],
      [
        -0.42069570205542417,
        0.7398374209580877,
        0.5250292533013555,
        0.5150303744047823
      ],
      [
        0.0,
        0.0,
        0.0,
        1.0
      ]
    ]
  },
  {
    "T_base_ee": [
      [
        0.24541284127131147,
        -0.9645417479167355,
        0.09711721713924426,
        0.5428607844196549
      ],
      [
        -0.9268736559240554,
        -0.262814805302511,
        -0.2680179174379569,
        0.09738475068558416
      ],
      [
        0.28403831307258237,
        -0.024240351472952865,
        -0.9585064642804189,
        0.30938860435527393
      ],
      [
        0.0,
        0.0,
        0.0,
        1.0
      ]
    ],
    "T_camera_board": [
      [
        -0.9559979892134598,
        0.29319422770719245,
        -0.010246436405139628,
        0.06787116542971496
      ],
      [
        -0.236766997759617,
        -0.7916912774654568,
        -0.5631752036063118,
        0.03191527443468669
      ],
      [
        -0.173231733212247,
        -0.5359683442371352,
        0.826273986389494,
        0.49051471441708383
      ],
      [
        0.0,
        0.0,
        0.0,
        1.0
      ]
    ]
  },
  {
    "T_base_ee": [
      [
        0.10431011404591262,
        0.9539034891083917,
        -0.2814027959608165,
        0.6996809192542106
      ],
      [
        0.8020677708652348,
        -0.24798524507230557,
        -0.5433144661848253,
        0.09459642633723123
      ],
      [
        -0.5880533062971433,
        -0.1690309193410034,
        -0.7909626143249335,
        0.2359326297461921
      ],
      [
        0.0,
        0.0,
        0.0,
        1.0
      ]
    ],
    "T_camera_board": [
      [
        0.9566061525754983,
        0.21733671004854524,
        -0.19408612346063525,
        -0.058951578607538836
      ],
      [
        -0.1552334505511637,
        0.9438096852877809,
        0.2917633523713343,
        -0.08841263227159023
      ],
      [
        0.2465912502192278,
        -0.24897395932557792,
        0.9365920792389094,
        0.3807979174441103
      ],
      [
        0.0,
        0.0,
        0.0,
        1.0
      ]
    ]
  },
  {
    "T_base_ee": [
      [
        0.6492768805150974,
        -0.7600675809698123,
        0.027144148306433608,
        0.4914799933990782
      ],
      [
        -0.629618210686071,
        -0.5571779327109762,
        -0.5414181933333908,
        0.15847659236869013
      ],
      [
        0.4266385369385354,
        0.33443986553432986,
        -0.8403151403731371,
        0.2674111800161763
      ],
      [
        0.0,
        0.0,
        0.0,
        1.0
      ]
    ],
    "T_camera_board": [
      [
        -0.7348185061791415,
        0.5881629378821835,
        0.33779597611347234,
        0.09282479226808898
      ],
      [
        -0.6273680255265146,
        -0.4001085431295358,
        -0.6680737341504475,
        0.06425626976480252
      ],
      [
        -0.2577811543220673,
        -0.7028353379110635,
        0.6630017829989775,
        0.508661014971153
      ],
      [
        0.0,
        0.0,
        0.0,
        1.0
      ]
    ]
  },
  {
    "T_base_ee": [
      [
        0.1019544093260326,
        0.9495572624217374,
        0.29655742074868996,
        0.5355473220751658
      ],
      [
        0.9719614822560161,
        -0.03158873850658096,
        -0.23300864492600068,
        -0.024683242184839478
      ],
      [
        -0.21188717618031538,
        0.31199864900620733,
        -0.9261536954461896,
        0.33201878333177476
      ],
      [
        0.0,
        0.0,
        0.0,
        1.0
      ]
    ],
    "T_camera_board": [
      [
        0.9515430679872188,
        0.011135008107896176,
        0.3073138483048045,
        -0.032343054288997995
      ],
      [
        0.029995182444339453,
        0.9912181606378593,
        -0.12878993381405937,
        -0.07324468653027322
      ],
      [
        -0.3060491444124654,
        0.13176710369487557,
        0.9428527730182809,
        0.45934779912827794
      ],
      [
        0.0,
        0.0,
        0.0,
        1.0
      ]
    ]
  },
  {
    "T_base_ee": [
      [
        0.2648843062807815,
        -0.9629754666254754,
        0.050145338403453754,
        0.5240156652073241
      ],
      [
        -0.9369844973971223,
        -0.26932350502686875,
        -0.22254190903626236,
        0.08120312181499315
      ],
      [
        0.22780771699749547,
        0.011962454492702418,
        -0.9736326533959812,
        0.3158815567841206
      ],
      [
        0.0,
        0.0,
        0.0,
        1.0
      ]
    ],
    "T_camera_board": [
      [
        -0.9534810180405275,
        0.3003138369467744,
        0.02618296344391264,
        0.1067035970844088
      ],
      [
        -0.2691619846379444,
        -0.809018218503118,
        -0.5225335856725425,
        0.036827129995703284
      ],
      [
        -0.1357415716063508,
        -0.5052733136316893,
        0.8522165829585169,
        0.48719687436327036
      ],
      [
        0.0,
        0.0,
        0.0,
        1.0
      ]
    ]
  },
  {
    "T_base_ee": [
      [
        0.08003675071136136,
        0.9834737928415398,
        0.1623989449763871,
        0.5558507678570396
      ],
      [
        0.974603127407214,
        -0.11139393802413837,
        0.19426820280105678,
        -0.15299078420255102
      ],
      [
        0.20914794424914987,
        0.14272592394288652,
        -0.9674122430747939,
        0.2823334977878406
      ],
      [
        0.0,
        0.0,
        0.0,
        1.0
      ]
    ],
    "T_camera_board": [
      [
        0.9888236729581061,
        0.0812113686083861,
        0.12502982606719595,
        -0.06374091751420054
      ],
      [
        -0.001911444729890792,
        0.8454580750493221,
        -0.5340383785019007,
        -0.05976782140411431
      ],
      [
        -0.1490774636780657,
        0.5278308033287256,
        0.8361641901448945,
        0.39928502607813626
      ],
      [
        0.0,
        0.0,
        0.0,
        1.0
      ]
    ]
  },
  {
    "T_base_ee": [
      [
        0.5314949690129455,
        -0.846068907791587,
        -0.04099391640572633,
        0.6125568266270278
      ],
      [
        -0.7691065105663579,
        -0.5022954820622182,
        0.39518909917193445,
        -0.1542173065243996
      ],
      [
        -0.35494826851017225,
        -0.17851233001738387,
        -0.9176846270442781,
        0.2878398414013178
      ],
      [
        0.0,
        0.0,
        0.0,
        1.0
      ]
    ],
    "T_camera_board": [
      [
        -0.8283823371420272,
        0.5296595801137632,
        -0.1823278165964391,
        0.02557338098903493
      ],
      [
        -0.5468709103050958,
        -0.8351725888923375,
        0.05847182419718288,
        0.012514877114661191
      ],
      [
        -0.12130503276116966,
        0.1481468054214553,
        0.9814976378322205,
        0.4091277772811577
      ],
      [
        0.0,
        0.0,
        0.0,
        1.0
      ]
    ]
  },
  {
    "T_base_ee": [
      [
        0.9697188407874106,
        0.02575169057895577,
        -0.24286255424467307,
        0.6160819570961573
      ],
      [
        -0.001990676809296661,
        -0.9935588807800456,
        -0.11329954822921581,
        -0.045998347799454095
      ],
      [
        -0.24421590248745467,
        0.11035216742515389,
        -0.963421502830827,
        0.27845974715944866
      ],
      [
        0.0,
        0.0,
        0.0,
        1.0
      ]
    ],
    "T_camera_board": [
      [
        0.05944096393344278,
        0.9925970882451525,
        0.10591407939413797,
        -0.019107162861536204
      ],
      [
        -0.9942516997272224,
        0.06833511887954287,
        -0.08242493019255538,
        0.05525120977221578
      ],
      [
        -0.08905239691435621,
        -0.10040583615987343,
        0.990953247468741,
        0.39214897423115
      ],
      [
        0.0,
        0.0,
        0.0,
        1.0
      ]
    ]
  },
  {
    "T_base_ee": [
      [
        0.6264302514850496,
        0.7518653710849874,
        -0.20562977359227808,
        0.6490425286584951
      ],
      [
        0.5724286697507264,
        -0.622794267616667,
        -0.5333410899895424,
        0.08504439315248219
      ],
      [
        -0.5290657407844429,
        0.2163926153708888,
        -0.8205264638883717,
        0.2633280025547216
      ],
      [
        0.0,
        0.0,
        0.0,
        1.0
      ]
    ],
    "T_camera_board": [
      [
        0.7728772895525087,
        0.6006619427822555,
        0.2046116462643663,
        -0.07392558796052966
      ],
      [
        -0.6344896638566087,
        0.7361647116441997,
        0.23555123389390242,
        -0.027103867176484723
      ],
      [
        -0.009141211795783324,
        -0.31187617386209343,
        0.950078781167144,
        0.41245864077483096
      ],
      [
        0.0,
        0.0,
        0.0,
        1.0
      ]
    ]
  },
  {
    "T_base_ee": [
      [
        -0.39493379334671086,
        0.7627190586833111,
        0.5121395672997948,
        0.43208534353881045
      ],
      [
        0.5180959912994688,
        0.645258299818897,
        -0.5614430249938518,
        0.15097781407171357
      ],
      [
        -0.7586856019934727,
        0.043604633194994136,
        -0.649995994827454,
        0.2526190385957732
      ],
      [
        0.0,
        0.0,
        0.0,
        1.0
      ]
    ],
    "T_camera_board": [
      [
        0.7446152460859895,
        -0.6660498064082091,
        0.043883831645474825,
        -0.023870165835238863
      ],
      [
        0.5615384092091092,
        0.6606054724379776,
        0.49827203891839966,
        -0.1403384026554051
      ],
      [
        -0.3608638943967714,
        -0.34637849986479163,
        0.8659094551696571,
        0.5016216321230167
      ],
      [
        0.0,
        0.0,
        0.0,
        1.0
      ]
    ]
  },
  {
    "T_base_ee": [
      [
        0.03230887140727886,
        0.9939102424443784,
        0.1053497356073812,
        0.5990563016620463
      ],
      [
        0.8141611172759917,
        0.03496745934867259,
        -0.5795851550053779,
        0.11580485479441927
      ],
      [
        -0.5797394345258022,
        0.10449740068947233,
        -0.8080733143130313,
        0.2517315939439886
      ],
      [
        0.0,
        0.0,
        0.0,
        1.0
      ]
    ],
    "T_camera_board": [
      [
        0.9935986053340448,
        -0.0637028607365489,
        0.09329392805655211,
        -0.04264675424250555
      ],
      [
        0.03468649136785776,
        0.9579851961329202,
        0.28471250641086715,
        -0.10114019171940558
      ],
      [
        -0.10751120311311187,
        -0.27965391026079073,
        0.9540623835373769,
        0.4114958974787551
      ],
      [
        0.0,
        0.0,
        0.0,
        1.0
      ]
    ]
  },
  {
    "T_base_ee": [
      [
        0.8200976102734365,
        -0.5586189139749517,
        0.12403555366605538,
        0.5342317909623313
      ],
      [
        -0.5380120397636775,
        -0.678908121920953,
        0.4996266676820725,
        -0.20284821370841616
      ],
      [
        -0.19489216170263607,
        -0.4764752574260394,
        -0.857314629740834,
        0.269642197745233
      ],
      [
        0.0,
        0.0,
        0.0,
        1.0
      ]
    ],
    "T_camera_board": [
      [
        -0.533953246472092,
        0.684785135637367,
        -0.4959468203265611,
        0.019754558451712038
      ],
      [
        -0.7635506075702593,
        -0.6424654263358897,
        -0.06502803735414045,
        0.025461582284344187
      ],
      [
        -0.36315891874081985,
        0.3439585643259322,
        0.865914606509119,
        0.42901161080668954
      ],
      [
        0.0,
        0.0,
        0.0,
        1.0
      ]
    ]
  },
  {
    "T_base_ee": [
      [
        0.9673481525313914,
        0.18202588458562222,
        -0.17636362758495908,
        0.5827681758812547
      ],
      [
        0.17968654420278438,
        -0.9832879863413511,
        -0.029282789300748437,
        -0.0237324001065466
      ],
      [
        -0.17874646185747348,
        -0.003363518632763159,
        -0.9838894191502632,
        0.47243776961280715
      ],
      [
        0.0,
        0.0,
        0.0,
        1.0
      ]
    ],
    "T_camera_board": [
      [
        0.21769961538599633,
        0.9758586040453455,
        -0.017517487589803857,
        -0.08798869759861373
      ],
      [
        -0.9650886416198686,
        0.21254948256923148,
        -0.15305760770333798,
        0.02638232733550628
      ],
      [
        -0.14563925046877374,
        0.050226510631554075,
        0.988061995196998,
        0.6095360784991486
      ],
      [
        0.0,
        0.0,
        0.0,
        1.0
      ]
    ]
  },
  {
    "T_base_ee": [
      [
        0.9265414937132316,
        0.10923941392102714,
        0.35998279246909043,
        0.3766175630854124
      ],
      [
        0.11401057587004508,
        -0.9934471420100254,
        0.008022756502188283,
        -0.012805188797053398
      ],
      [
        0.3585002775695361,
        0.03360842867947285,
        -0.9329244473719523,
        0.45552631134535093
      ],
      [
        0.0,
        0.0,
        0.0,
        1.0
      ]
    ],
    "T_camera_board": [
      [
        0.1420209254055748,
        0.9897386239515941,
        0.015732546054262386,
        -0.09917606368851356
      ],
      [
        -0.7782609751291952,
        0.12146829216835765,
        -0.6160806023473364,
        -0.043225395902628416
      ],
      [
        -0.6116697731111933,
        0.07525231063633747,
        0.7875259858607802,
        0.664163690005291
      ],
      [
        0.0,
        0.0,
        0.0,
        1.0
      ]
    ]
  },
  {
    "T_base_ee": [
      [
        0.21928200917901214,
        -0.8725590769172449,
        0.43652727032768673,
        0.3260405288668391
      ],
      [
        -0.8522766507407966,
        0.04647441709075789,
        0.5210226858382699,
        -0.22039459987431342
      ],
      [
        -0.47491042424068336,
        -0.48629290129036423,
        -0.7334707240934257,
        0.25916613369140024
      ],
      [
        0.0,
        0.0,
        0.0,
        1.0
      ]
    ],
    "T_camera_board": [
      [
        -0.8738149016197889,
        -0.024378522694356676,
        -0.48564720254361543,
        0.16992320831623062
      ],
      [
        -0.10948514317506061,
        -0.9632330918404086,
        0.24534672243073394,
        -0.018174034694880225
      ],
      [
        -0.47377264709049544,
        0.2675587756266048,
        0.8390183433358634,
        0.5352220024675453
      ],
      [
        0.0,
        0.0,
        0.0,
        1.0
      ]
    ]
  },
  {
    "T_base_ee": [
      [
        0.15446509777539952,
        -0.8567810227588679,
        0.4920028583346897,
        0.3850784849624107
      ],
      [
        -0.9064624393283824,
        0.07519845179450933,
        0.41553704881099063,
        -0.17286670456801462
      ],
      [
        -0.39302211089972405,
        -0.51016808199649,
        -0.7650242796512722,
        0.20625140005423231
      ],
      [
        0.0,
        0.0,
        0.0,
        1.0
      ]
    ],
    "T_camera_board": [
      [
        -0.8612918414608959,
        -0.05483859837220139,
        -0.5051426451622073,
        0.1366899300778225
      ],
      [
        -0.033340365483841984,
        -0.9859169399888627,
        0.16387863641244205,
        -0.02691978946501946
      ],
      [
        -0.5070155657002092,
        0.1579889729429555,
        0.8473338778581488,
        0.4372134759445828
      ],
      [
        0.0,
        0.0,
        0.0,
        1.0
      ]
    ]
  },
  {
    "T_base_ee": [
      [
        0.4672235035017361,
        0.8810026118220837,
        0.07440830422896294,
        0.5425162475640828
      ],
      [
        0.8833573018314769,
        -0.46869291877602187,
        0.0026125065026293866,
        -0.10270479662260015
      ],
      [
        0.03717627034246551,
        0.06450849441647281,
        -0.9972244376626276,
        0.2850110214776457
      ],
      [
        0.0,
        0.0,
        0.0,
        1.0
      ]
    ],
    "T_camera_board": [
      [
        0.8965001873536727,
        0.4412244331342923,
        0.040105033102496454,
        -0.09129647209812941
      ],
      [
        -0.3942346960557585,
        0.8357643065806826,
        -0.3822002462996779,
        -0.012021400789021006
      ],
      [
        -0.20215444219866552,
        0.3268317968788122,
        0.9232088377221663,
        0.40358027467027213
      ],
      [
        0.0,
        0.0,
        0.0,
        1.0
      ]
    ]
  },
  {
    "T_base_ee": [
      [
        -0.014397258786378545,
        0.9275641041418115,
        -0.3733865981084981,
        0.6826476271817733
      ],
      [
        0.984710325688394,
        -0.05168186375847062,
        -0.16635672346228797,
        0.010779523313044007
      ],
      [
        -0.17360384045894633,
        -0.3700727194296412,
        -0.9126378739192533,
        0.2851401531541235
      ],
      [
        0.0,
        0.0,
        0.0,
        1.0
      ]
    ],
    "T_camera_board": [
      [
        0.9168401884334024,
        0.013439666934661938,
        -0.3990281246053822,
        -0.09783730098554239
      ],
      [
        -0.07583221413775754,
        0.9871022163649101,
        -0.14099180737350434,
        -0.1169615443513226
      ],
      [
        0.39198666325829035,
        0.15952614143195284,
        0.9060341417559629,
        0.354933822895671
      ],
      [
        0.0,
        0.0,
        0.0,
        1.0
      ]
    ]
  },
  {
    "T_base_ee": [
      [
        -0.7852881980450234,
        0.6146854570756013,
        0.07405562011731098,
        0.5709329215682394
      ],
      [
        0.5933432489884234,
        0.781338540053163,
        -0.19353003567264118,
        0.03415421202431042
      ],
      [
        -0.17682260854048626,
        -0.10803645073469972,
        -0.9782954003886489,
        0.4014209599450893
      ],
      [
        0.0,
        0.0,
        0.0,
        1.0
      ]
    ],
    "T_camera_board": [
      [
        0.5849128699984353,
        -0.8028281818967905,
        -0.11551556112700781,
        -0.004424911355159221
      ],
      [
        0.7821912570381252,
        0.5960001058466019,
        -0.18155085029808304,
        -0.19218358979683545
      ],
      [
        0.21460142572525268,
        0.015836166933109394,
        0.9765733172135903,
        0.4907231262142195
      ],
      [
        0.0,
        0.0,
        0.0,
        1.0
      ]
    ]
  },
  {
    "T_base_ee": [
      [
        0.6302153530388426,
        -0.7763653178343377,
        0.009246732293911035,
        0.5421438698153774
      ],
      [
        -0.7691405207023339,
        -0.6258891048275224,
        -0.12917309267779406,
        0.045757282449968656
      ],
      [
        0.10607293815045565,
        0.07429482971372127,
        -0.9915789479763772,
        0.3777410362900603
      ],
      [
        0.0,
        0.0,
        0.0,
        1.0
      ]
    ],
    "T_camera_board": [
      [
        -0.7531259342216251,
        0.6524936102282766,
        0.08398461653228186,
        0.046804007380903095
      ],
      [
        -0.6237289232809098,
        -0.6675977176720256,
        -0.406540917524841,
        0.041386163834513906
      ],
      [
        -0.20919741266478786,
        -0.35856014275205284,
        0.9097642917613259,
        0.5377372463089636
      ],
      [
        0.0,
        0.0,
        0.0,
        1.0
      ]
    ]
  },
  {
    "T_base_ee": [
      [
        0.4100908697094786,
        -0.8525082708236495,
        0.3241220861931423,
        0.40888620127673914
      ],
      [
        -0.9093808575477218,
        -0.35505991359849376,
        0.21670005464051129,
        -0.047949768925329414
      ],
      [
        -0.06965582894987196,
        -0.3836171345660951,
        -0.9208615311547144,
        0.3493692362046982
      ],
      [
        0.0,
        0.0,
        0.0,
        1.0
      ]
    ],
    "T_camera_board": [
      [
        -0.843146379844482,
        0.38035300545820155,
        -0.3800470673404252,
        0.08090857000054272
      ],
      [
        -0.32159331006113917,
        -0.9231904701810417,
        -0.2104687594177038,
        0.06679115954998327
      ],
      [
        -0.43090825598851595,
        -0.05523537820836019,
        0.9007036848570762,
        0.5494813227381448
      ],
      [
        0.0,
        0.0,
        0.0,
        1.0
      ]
    ]
  },
  {
    "T_base_ee": [
      [
        0.43135677590284033,
        -0.8930145958060551,
        0.12828196895922028,
        0.4015653750387397
      ],
      [
        -0.8515961087999737,
        -0.4499771460621262,
        -0.2688952128590743,
        0.10247775024339495
      ],
      [
        0.29785130410902966,
        0.006745346479727243,
        -0.9545884458453383,
        0.4012491406049623
      ],
      [
        0.0,
        0.0,
        0.0,
        1.0
      ]
    ],
    "T_camera_board": [
      [
        -0.8740721826514322,
        0.4857307150375282,
        0.0079681857466464,
        0.16770384073411077
      ],
      [
        -0.3994899878240771,
        -0.709355787959602,
        -0.5807082879695544,
        0.030762942017195927
      ],
      [
        -0.27641557326474964,
        -0.5107641711762325,
        0.8140727192943984,
        0.6189997974612651
      ],
      [
        0.0,
        0.0,
        0.0,
        1.0
      ]
    ]
  },
  {
    "T_base_ee": [
      [
        0.8038977346961077,
        0.5644688542176985,
        -0.18741223217449143,
        0.6384262037218897
      ],
      [
        0.5441200285540249,
        -0.8252165643390116,
        -0.15149592887891583,
        -0.021317179719880893
      ],
      [
        -0.24017041174306653,
        0.019812484919285236,
        -0.9705285357806278,
        0.39079208179041824
      ],
      [
        0.0,
        0.0,
        0.0,
        1.0
      ]
    ],
    "T_camera_board": [
      [
        0.5928707113196968,
        0.8052941522856771,
        -0.002376542398019578,
        -0.0720493040077697
      ],
      [
        -0.8012218475276915,
        0.5895709370777972,
        -0.10222358435078008,
        -0.024841230596851116
      ],
      [
        -0.08091891437475934,
        0.06250950685856513,
        0.9947586093363101,
        0.509230350524707
      ],
      [
        0.0,
        0.0,
        0.0,
        1.0
      ]
    ]
  },
  {
    "T_base_ee": [
      [
        0.8466898033720057,
        0.44331664544955,
        -0.2942562297271416,
        0.6561248505710303
      ],
      [
        0.5219313543694705,
        -0.799500400495133,
        0.29729912703230804,
        -0.17581794006079682
      ],
      [
        -0.10346032182399516,
        -0.4053016919227949,
        -0.908309694065078,
        0.2883820687175336
      ],
      [
        0.0,
        0.0,
        0.0,
        1.0
      ]
    ],
    "T_camera_board": [
      [
        0.46655243331602747,
        0.7696950566587832,
        -0.4357732744466166,
        -0.05462749016455791
      ],
      [
        -0.883724212795985,
        0.42618991290757574,
        -0.1933744395051981,
        0.011643788588030592
      ],
      [
        0.03688282371253876,
        0.4753227092101382,
        0.8790380989605195,
        0.4072206394759359
      ],
      [
        0.0,
        0.0,
        0.0,
        1.0
      ]
    ]
  }
]