[
  {
    "T_base_ee": [
      [
        0.9951699411656771,
        -0.062070774037031644,
        -0.07605266077361425,
        0.5860022133790146
      ],
      [
        -0.0605703695502434,
        -0.997924071298715,
        0.021881002151281616,
        -0.05290036711727707
      ],
      [
        -0.0772529516125412,
        -0.017168777855199865,
        -0.9968636890438478,
        0.28149854915331396
      ],
      [
        0.0,
        0.0,
        0.0,
        1.0
      ]
    ],
    "T_camera_board": [
      [
        -0.08450169585754762,
        0.9934671881491376,
        0.07669686739524942,
        -0.07671884268960792
      ],
      [
        -0.9618849024580728,
        -0.06124057620431602,
        -0.2665089609176158,
        0.10917610954796748
      ],
      [
        -0.2600709476670211,
        -0.09629401797209064,
        0.9607760219126872,
        0.45077548420777147
      ],
      [
        0.0,
        0.0,
        0.0,
        1.0
      ]
    ],
    "joint_position": [
      0.0018552527174302473,
      0.20726295500078012,
      -0.10219111211196982,
      -1.9061926190529075,
      0.039409900247518025,
      2.0341357951780132,
      0.7288758448490573
    ]
  },
  {
    "T_base_ee": [
      [
        0.9938443941575618,
        -0.09564391292221763,
        0.055906726988050714,
        0.5913540214785399
      ],
      [
        -0.11068442090060321,
        -0.8787361709974629,
        0.46429699627567694,
        -0.20101369858114387
      ],
      [
        0.004720081724642163,
        -0.4676269706738963,
        -0.8839133086037724,
        0.2786487957159843
      ],
      [
        0.0,
        0.0,
        0.0,
        1.0
      ]
    ],
    "T_camera_board": [
      [
        -0.11297642656579124,
        0.8431117519069369,
        0.5257365317693266,
        -0.056667518377818256
      ],
      [
        -0.9872496519492007,
        -0.035536921881847136,
        -0.155162018256227,
        0.1520817219369608
      ],
      [
        -0.11213586298150388,
        -0.5365628583675721,
        0.8363766180697628,
        0.535924162820997
      ],
      [
        0.0,
        0.0,
        0.0,
        1.0
      ]
    ],
    "joint_position": [
      -0.3397095309624097,
      0.37282441992719456,
      -0.13706310354991086,
      -1.7001602115167571,
      0.5259900205468895,
      1.8463854464072051,
      0.2195055748865703
    ]
  },
  {
    "T_base_ee": [
      [
        0.993876560239229,
        -0.09637176033496633,
        0.05405429508353396,
        0.5911385561674712
      ],
      [
        -0.11046379510657767,
        -0.8784038463338144,
        0.4649778841155916,
        -0.20072606174912544
      ],
      [
        0.002670763503191672,
        -0.4681016626288571,
        -0.8836705836828618,
        0.27760592526653893
      ],
      [
        0.0,
        0.0,
        0.0,
        1.0
      ]
    ],
    "T_camera_board": [
      [
        -0.11398680661358418,
        0.8426358973921282,
        0.5262810583178917,
        -0.056780414386547164
      ],
      [
        -0.987053959682813,
        -0.03588988967076083,
        -0.1563214524430366,
        0.15142704139782767
      ],
      [
        -0.11283389824213866,
        -0.5372863856879154,
        0.8358180730050645,
        0.5350739842321829
      ],
      [
        0.0,
        0.0,
        0.0,
        1.0
      ]
    ],
    "joint_position": [
      -0.3394258304384717,
      0.3740982247722989,
      -0.1370578336083836,
      -1.7007115116246563,
      0.5258991195293474,
      1.8461543142795558,
      0.2196997241399237
    ]
  },
  {
    "T_base_ee": [
      [
        0.9361225447722166,
        0.005185610828784341,
        -0.3516357356832804,
        0.6974435105847635
      ],
      [
        -0.01798012333890072,
        -0.9978778279818032,
        -0.06258239039088273,
        -0.06192742496907511
      ],
      [
        -0.3512140320857174,
        0.06490724044859192,
        -0.9340426937798088,
        0.29567751091913075
      ],
      [
        0.0,
        0.0,
        0.0,
        1.0
      ]
    ],
    "T_camera_board": [
      [
        -0.027074005830059075,
        0.9996135144539443,
        -0.006310303427567332,
        -0.1176051976239788
      ],
      [
        -0.851586835447454,
        -0.026369817209150756,
        -0.5235498967939416,
        0.10946522881069994
      ],
      [
        -0.523513953874111,
        -0.008800821631530675,
        0.8519716460292002,
        0.5188136377219672
      ],
      [
        0.0,
        0.0,
        0.0,
        1.0
      ]
    ],
    "joint_position": [
      -0.009182028450200897,
      0.943894872996032,
      -0.12844808556726509,
      -0.6615113493808672,
      0.005533431603521069,
      1.2491563650570985,
      0.6895086791801361
    ]
  },
  {
    "T_base_ee": [
      [
        0.9664725548265226,
        0.014160287917470099,
        0.25637918599837434,
        0.46585541873993236
      ],
      [
        0.017058986200261594,
        -0.999813202551754,
        -0.009085757702309344,
        -0.04478626494892083
      ],
      [
        0.2562026380756333,
        0.013154704455066233,
        -0.9665335803756568,
        0.2685673217760621
      ],
      [
        0.0,
        0.0,
        0.0,
        1.0
      ]
    ],
    "T_camera_board": [
      [
        0.005374487208505322,
        0.9987178614372966,
        0.050336350020224366,
        -0.08757562266600549
      ],
      [
        -0.996593052292332,
        0.0012066279385380334,
        0.0824671581399003,
        0.0754482377653482
      ],
      [
        0.08230068657003416,
        -0.05060807539445524,
        0.9953217669150869,
        0.4058781818691387
      ],
      [
        0.0,
        0.0,
        0.0,
        1.0
      ]
    ],
    "joint_position": [
      0.04077073705443151,
      -0.26634421397626645,
      -0.14411855894362013,
      -2.610653646948219,
      -0.03999339295384335,
      2.6055636766681167,
      0.6979965952672064
    ]
  },
  {
    "T_base_ee": [
      [
        0.796085804567678,
        -0.5366926749126779,
        0.2796575843078595,
        0.39331816972761613
      ],
      [
        -0.6013306036283443,
        -0.6494318310258285,
        0.4654458099396866,
        -0.23404697371019612
      ],
      [
        -0.0681828197261151,
        -0.5387014660695797,
        -0.8397331918822082,
        0.29955264227662576
      ],
      [
        0.0,
        0.0,
        0.0,
        1.0
      ]
    ],
    "T_camera_board": [
      [
        -0.5372063468704684,
        0.601816464324193,
        0.5909537072820623,
        -0.03082640881104684
      ],
      [
        -0.8241850754300861,
        -0.5234447034912512,
        -0.21615874681645322,
        0.08576814373262456
      ],
      [
        0.17924369534348852,
        -0.6031770765333209,
        0.7772059649953333,
        0.5772360098141478
      ],
      [
        0.0,
        0.0,
        0.0,
        1.0
      ]
    ],
    "joint_position": [
      0.09763806165984364,
      -0.24726789076217373,
      -0.8004032240159222,
      -2.3809166541828777,
      0.4507651965185327,
      2.0754236200524483,
      0.5255672384931406
    ]
  },
  {
    "T_base_ee": [
      [
        0.8642558963868789,
        0.4680917789152259,
        0.18426022922077362,
        0.47387193769545266
      ],
      [
        0.49396179874160506,
        -0.7203410867036144,
        -0.486939893817106,
        0.1945662988823526
      ],
      [
        -0.0952023473684912,
        0.5118581886798683,
        -0.8537784886824531,
        0.29311192602625813
      ],
      [
        0.0,
        0.0,
        0.0,
        1.0
      ]
    ],
    "T_camera_board": [
      [
        0.4695922195975642,
        0.7439274660654618,
        -0.4754524923973519,
        -0.03514111562617309
      ],
      [
        -0.8828768513964462,
        0.3977592858584696,
        -0.24963176036245366,
        0.04098209600957308
      ],
      [
        0.003407720899699429,
        0.5369911319070186,
        0.8435810048190323,
        0.45863546797281285
      ],
      [
        0.0,
        0.0,
        0.0,
        1.0
      ]
    ],
    "joint_position": [
      0.4354307650338996,
      -0.00020353717820014014,
      0.12535474286163714,
      -2.186265334051284,
      -0.5933916532062778,
      1.9918525770669382,
      1.1024919461832208
    ]
  },
  {
    "T_base_ee": [
      [
        0.8590829574227973,
        0.4648667859343702,
        -0.2141853020184838,
        0.7133132819669441
      ],
      [
        0.3382722393361189,
        -0.8297119875013762,
        -0.4440156640154082,
        0.10213202847698484
      ],
      [
        -0.38412024726669663,
        0.30899334803772843,
        -0.8700429567028328,
        0.28704001308274074
      ],
      [
        0.0,
        0.0,
        0.0,
        1.0
      ]
    ],
    "T_camera_board": [
      [
        0.4467022262341681,
        0.859414173799816,
        -0.24872554945042846,
        -0.14811152078855683
      ],
      [
        -0.796878731800988,
        0.2557984251636812,
        -0.5473129383515701,
        0.11451081075168003
      ],
      [
        -0.40674489287597326,
        0.44269000842097184,
        0.7991146028972018,
        0.48950024031145983
      ],
      [
        0.0,
        0.0,
        0.0,
        1.0
      ]
    ],
    "joint_position": [
      0.25031687987990936,
      1.0416052884663547,
      0.047868043480997685,
      -0.5478904699811767,
      -0.4401503412363336,
      1.254629512554646,
      0.5559042602226163
    ]
  },
  {
    "T_base_ee": [
      [
        0.9022305431104576,
        -0.3153531536321329,
        -0.29416396035693615,
        0.6568726740034827
      ],
      [
        -0.14203072266970296,
        -0.8613434246532177,
        0.4877650854915598,
        -0.21123664022200536
      ],
      [
        -0.407194450964807,
        -0.39829623812049125,
        -0.8219201821360358,
        0.25240717817091035
      ],
      [
        0.0,
        0.0,
        0.0,
        1.0
      ]
    ],
    "T_camera_board": [
      [
        -0.33908479975771894,
        0.8355670708484345,
        0.43226053334422615,
        -0.04407171015494782
      ],
      [
        -0.835965020977356,
        -0.05687556320870124,
        -0.5458274947380554,
        0.09597916857473757
      ],
      [
        -0.43149041967996976,
        -0.5464364925802999,
        0.7177904828715294,
        0.5646125601189559
      ],
      [
        0.0,
        0.0,
        0.0,
        1.0
      ]
    ],
    "joint_position": [
      -0.4466653082299662,
      1.083369552718748,
      0.056591144847240614,
      -0.5561247696010018,
      0.316424853278699,
      1.1488453433211026,
      0.689678634368711
    ]
  },
  {
    "T_base_ee": [
      [
        0.6959212414006676,
        0.7172773271838557,
        -0.03473991472842258,
        0.6194257753616229
      ],
      [
        0.6985529960435406,
        -0.6873836253015458,
        -0.19881514878373177,
        0.005810055323406456
      ],
      [
        -0.1664852470519454,
        0.1140920136349963,
        -0.9794210917367282,
        0.31543714383826976
      ],
      [
        0.0,
        0.0,
        0.0,
        1.0
      ]
    ],
    "T_camera_board": [
      [
        0.702120176741019,
        0.7110561839894892,
        -0.03776718977453533,
        -0.16332819636193283
      ],
      [
        -0.6791038969751023,
        0.6527341306471403,
        -0.33579167917259595,
        0.015837669852304705
      ],
      [
        -0.21411481622342207,
        0.2614139588825118,
        0.9411788286903731,
        0.4531723398429925
      ],
      [
        0.0,
        0.0,
        0.0,
        1.0
      ]
    ],
    "joint_position": [
      0.009475490789598402,
      0.2534117361701047,
      0.06089160331268484,
      -1.763087909681141,
      -0.22970388392550486,
      1.9572856113549764,
      0.15036025776838613
    ]
  },
  {
    "T_base_ee": [
      [
        0.5901398302635714,
        -0.805381547392857,
        -0.05563761187875429,
        0.5882376161887026
      ],
      [
        -0.7891981466507858,
        -0.5900478076941615,
        0.17032284038929993,
        -0.11146880198198852
      ],
      [
        -0.17000372366347855,
        -0.05660519193856219,
        -0.9838163376292093,
        0.33013473264740195
      ],
      [
        0.0,
        0.0,
        0.0,
        1.0
      ]
    ],
    "T_camera_board": [
      [
        -0.8171735158071557,
        0.5697028087434405,
        0.08755658041065284,
        0.047858990555648795
      ],
      [
        -0.5601359997568148,
        -0.7490896273841899,
        -0.353712301060974,
        0.144392065548645
      ],
      [
        -0.13592316520669245,
        -0.33808791734584426,
        0.9312472568039835,
        0.5304128890432014
      ],
      [
        0.0,
        0.0,
        0.0,
        1.0
      ]
    ],
    "joint_position": [
      -0.06288457791930302,
      0.2103832932361421,
      -0.18599761199269058,
      -1.777287746739279,
      0.20048145178629845,
      1.8810324436093877,
      1.4010496335516611
    ]
  },
  {
    "T_base_ee": [
      [
        0.1744676064024569,
        -0.976154463027598,
        0.12916469574732678,
        0.5447953022101053
      ],
      [
        -0.7863978846978448,
        -0.05919191838886555,
        0.6148777795141092,
        -0.2306430251085891
      ],
      [
        -0.5925701825597985,
        -0.2088510979352227,
        -0.7779728771829384,
        0.24779396768184125
      ],
      [
        0.0,
        0.0,
        0.0,
        1.0
      ]
    ],
    "T_camera_board": [
      [
        -0.9746385673938678,
        0.027277650424736344,
        0.222116169460341,
        0.15087424993601026
      ],
      [
        -0.1831028383986229,
        -0.6678375852256613,
        -0.7214335106787911,
        0.08765470426463838
      ],
      [
        0.12865851514298157,
        -0.7438070244003235,
        0.6558948825337337,
        0.516391706685615
      ],
      [
        0.0,
        0.0,
        0.0,
        1.0
      ]
    ],
    "joint_position": [
      -0.2550041015426066,
      0.3877151209230865,
      -0.37740310175199604,
      -1.8099516530751958,
      0.7670950158197666,
      1.7610334053458756,
      1.2824971902239448
    ]
  },
  {
    "T_base_ee": [
      [
        0.3752797752029844,
        -0.8635511567986427,
        0.336815216276408,
        0.4239781362220863
      ],
      [
        -0.7649453042320378,
        -0.08331894933507664,
        0.6386835164735771,
        -0.20577112817636078
      ],
      [
        -0.5234727995387657,
        -0.4973302245725921,
        -0.6918373189338823,
        0.22776108299097772
      ],
      [
        0.0,
        0.0,
        0.0,
        1.0
      ]
    ],
    "T_camera_board": [
      [
        -0.85623932400436,
        0.03691595743696999,
        0.515258607026674,
        0.09524362592568784
      ],
      [
        -0.4088016011573563,
        -0.6582065351150302,
        -0.6321751403076904,
        0.06573881768787841
      ],
      [
        0.31580923184691484,
        -0.7519317583520316,
        0.5786736211906356,
        0.49117772911898927
      ],
      [
        0.0,
        0.0,
        0.0,
        1.0
      ]
    ],
    "joint_position": [
      -0.0955980829316484,
      0.06136712292737361,
      -0.6217114805798137,
      -2.3460908268104386,
      0.9029340239234959,
      1.957677803187619,
      0.8102616906575004
    ]
  },
  {
    "T_base_ee": [
      [
        0.14310182628612994,
        -0.971259521889543,
        -0.19020202010617818,
        0.6728641985425904
      ],
      [
        -0.7783941425635028,
        -0.22914127007600077,
        0.5844628620971454,
        -0.1938843522017493
      ],
      [
        -0.6112482524608179,
        0.06441443539187464,
        -0.7888132569732472,
        0.2543542748374791
      ],
      [
        0.0,
        0.0,
        0.0,
        1.0
      ]
    ],
    "T_camera_board": [
      [
        -0.9753592356148322,
        0.21210804114800874,
        -0.060700415000269056,
        0.1621963500767628
      ],
      [
        -0.09991478540635773,
        -0.6699702520956834,
        -0.7356336703577727,
        0.060259502218427095
      ],
      [
        -0.19670128916214996,
        -0.7114422254738618,
        0.6746544023829886,
        0.5422165664280378
      ],
      [
        0.0,
        0.0,
        0.0,
        1.0
      ]
    ],
    "joint_position": [
      -0.21289118377520924,
      1.0408359282792954,
      -0.5486237589646792,
      -0.7332940832395911,
      0.9037514828575982,
      1.1803462103330422,
      1.6364219148764618
    ]
  },
  {
    "T_base_ee": [
      [
        0.4019897258008853,
        -0.8831923331234178,
        -0.24161035379830656,
        0.6719746531477905
      ],
      [
        -0.7483460453399663,
        -0.16484900819369386,
        -0.6424974715293349,
        0.1531960642497643
      ],
      [
        0.5276196137129117,
        0.43908553518599225,
        -0.7272010973698187,
        0.2878023319440839
      ],
      [
        0.0,
        0.0,
        0.0,
        1.0
      ]
    ],
    "T_camera_board": [
      [
        -0.8793250593726919,
        0.16873934319948353,
        -0.44532513292629117,
        0.09975179271791407
      ],
      [
        -0.35684888181999636,
        -0.8527008429982922,
        0.38152345654470604,
        0.16664957338937175
      ],
      [
        -0.3153510987820246,
        0.4943969118093365,
        0.810015665336394,
        0.4847521685467009
      ],
      [
        0.0,
        0.0,
        0.0,
        1.0
      ]
    ],
    "joint_position": [
      0.648967548147641,
      1.0565236973499148,
      -0.6372320064720082,
      -0.7042224385612889,
      -0.0928743953290999,
      1.227853593379057,
      2.184801931783396
    ]
  },
  {
    "T_base_ee": [
      [
        0.7789608302536658,
        -0.6133024880028325,
        0.13069079210126297,
        0.5088688500086233
      ],
      [
        -0.4153801252301438,
        -0.6607931948704718,
        -0.6251493462978785,
        0.1396971291924829
      ],
      [
        0.46976523551057936,
        0.4326804962352826,
        -0.7694856799728503,
        0.3007922725234967
      ],
      [
        0.0,
        0.0,
        0.0,
        1.0
      ]
    ],
    "T_camera_board": [
      [
        -0.6124043151682835,
        0.6710475512831525,
        -0.41791881828909094,
        -0.0321536674683115
      ],
      [
        -0.7905386176044918,
        -0.5219076746079093,
        0.32040766729487513,
        0.15058645631723164
      ],
      [
        -0.0031062580775718385,
        0.5266000029455461,
        0.8501075155875911,
        0.43460808997903744
      ],
      [
        0.0,
        0.0,
        0.0,
        1.0
      ]
    ],
    "joint_position": [
      0.06966787298491411,
      0.08877071366911786,
      0.42520802800104024,
      -2.083113131104629,
      -0.7266790432169676,
      1.841386342290872,
      2.222696177827021
    ]
  },
  {
    "T_base_ee": [
      [
        0.845540356731862,
        -0.04508544860501229,
        0.5320045182720171,
        0.4228753606762176
      ],
      [
        -0.07753864710803045,
        -0.9962337285923071,
        0.03880871319338148,
        -0.034342112236401684
      ],
      [
        0.5282511366219788,
        -0.07406524380000795,
        -0.8458516869513433,
        0.3139873356006707
      ],
      [
        0.0,
        0.0,
        0.0,
        1.0
      ]
    ],
    "T_camera_board": [
      [
        -0.04480498351015908,
        0.9911245059073339,
        0.12515880809035082,
        -0.05055649416610633
      ],
      [
        -0.9252028284427567,
        -0.08842545224816271,
        0.36902664624147496,
        0.13844336256399384
      ],
      [
        0.37681857663095264,
        -0.09926305045005826,
        0.9209530971342522,
        0.452762857719744
      ],
      [
        0.0,
        0.0,
        0.0,
        1.0
      ]
    ],
    "joint_position": [
      0.2711472162613186,
      -0.6106298366061064,
      -0.45799306485497254,
      -2.863905241781182,
      -0.40755816716654536,
      2.835954401258926,
      1.0229151005002584
    ]
  },
  {
    "T_base_ee": [
      [
        0.33343452207982477,
        0.9425766563890946,
        -0.019252696324268667,
        0.5943460433140298
      ],
      [
        0.9146198003745699,
        -0.3283632167797718,
        -0.23589874656051749,
        0.023212938971429585
      ],
      [
        -0.22867452907611185,
        0.06104788854986101,
        -0.9715869055598799,
        0.30057379177319044
      ],
      [
        0.0,
        0.0,
        0.0,
        1.0
      ]
    ],
    "T_camera_board": [
      [
        0.9331893863842049,
        0.35903774329518523,
        0.0157945569539593,
        -0.1311881422439333
      ],
      [
        -0.3268961416396773,
        0.8662679729777553,
        -0.3777813012499469,
        -0.057896383487035984
      ],
      [
        -0.14932006469648756,
        0.347378320973707,
        0.9257601311336133,
        0.4183846544929952
      ],
      [
        0.0,
        0.0,
        0.0,
        1.0
      ]
    ],
    "joint_position": [
      0.4587297462293588,
      0.2017572572451774,
      -0.37760232046258574,
      -1.8978674185983797,
      -0.18122372938916392,
      2.038605799270793,
      -0.27076212334165717
    ]
  },
  {
    "T_base_ee": [
      [
        0.4290086806102651,
        0.8877531371133257,
        0.16687096663736484,
        0.5291924136073297
      ],
      [
        0.7435899453673608,
        -0.4519637567410999,
        0.49275019608422044,
        -0.23338774069834792
      ],
      [
        0.5128601613594153,
        -0.087310538527264,
        -0.8540206816889588,
        0.30875945312373343
      ],
      [
        0.0,
        0.0,
        0.0,
        1.0
      ]
    ],
    "T_camera_board": [
      [
        0.8870338300146421,
        0.43703589667815496,
        0.14889798327806963,
        -0.14156293667327266
      ],
      [
        -0.4584369839652251,
        0.79539872582677,
        0.39645478769466125,
        -0.04074068843500515
      ],
      [
        0.05483170745493156,
        -0.4199291511289399,
        0.9058989965165569,
        0.5506560474916852
      ],
      [
        0.0,
        0.0,
        0.0,
        1.0
      ]
    ],
    "joint_position": [
      0.09282344517733483,
      0.2452340186973353,
      -0.7261778171261093,
      -1.8887369387638153,
      0.704662189525208,
      1.8094754056143372,
      -1.189140491447143
    ]
  },
  {
    "T_base_ee": [
      [
        0.7176374934731808,
        0.5428102735161145,
        0.4362951236570169,
        0.4094857813016793
      ],
      [
        0.3623335328413104,
        -0.8260352774196571,
        0.4317176524500307,
        -0.19606625354594792
      ],
      [
        0.5947359405150034,
        -0.15173242047628255,
        -0.7894722500735181,
        0.2571138797376509
      ],
      [
        0.0,
        0.0,
        0.0,
        1.0
      ]
    ],
    "T_camera_board": [
      [
        0.5482828530469499,
        0.8086095104271881,
        0.21339300059139665,
        -0.11944481644053007
      ],
      [
        -0.7815232657160044,
        0.40459084300715875,
        0.4748974993610178,
        0.02289825883610656
      ],
      [
        0.29766978046030823,
        -0.42714975055764653,
        0.8537773669987113,
        0.4899790871714161
      ],
      [
        0.0,
        0.0,
        0.0,
        1.0
      ]
    ],
    "joint_position": [
      0.21859008981891223,
      -0.2921476151615285,
      -0.8344832953563762,
      -2.5680764776465406,
      0.6584697944798416,
      2.385880649593294,
      -0.8368434186023165
    ]
  },
  {
    "T_base_ee": [
      [
        0.7183416758504255,
        0.5422324141668802,
        0.4358546153973354,
        0.409157771173619
      ],
      [
        0.3615979883135718,
        -0.8262406863321623,
        0.431941226438199,
        -0.1960808730239268
      ],
      [
        0.5943333505567227,
        -0.15267723234364203,
        -0.7895932694368064,
        0.25669050441037566
      ],
      [
        0.0,
        0.0,
        0.0,
        1.0
      ]
    ],
    "T_camera_board": [
      [
        0.5476271445595445,
        0.8087505656284105,
        0.21453911796519984,
        -0.1191980600031144
      ],
      [
        -0.7821139054913057,
        0.40366181509318416,
        0.47471568109007434,
        0.022479298798965704
      ],
      [
        0.2973253258279505,
        -0.4277612203454191,
        0.853591230619142,
        0.48965844919336976
      ],
      [
        0.0,
        0.0,
        0.0,
        1.0
      ]
    ],
    "joint_position": [
      0.21865011335138876,
      -0.29189961819899707,
      -0.8351454355674875,
      -2.568751985416078,
      0.658529052479879,
      2.3858785800139106,
      -0.8367524095736442
    ]
  },
  {
    "T_base_ee": [
      [
        0.011406641389926989,
        0.9994640275968292,
        0.030684622730720257,
        0.604086420324061
      ],
      [
        0.6570157608893814,
        0.015641487069584695,
        -0.7537145572597093,
        0.2259811200627418
      ],
      [
        -0.7537905401868275,
        0.028757632416056833,
        -0.6564852017392885,
        0.2532509123871364
      ],
      [
        0.0,
        0.0,
        0.0,
        1.0
      ]
    ],
    "T_camera_board": [
      [
        0.9980789934086993,
        0.04862085629385114,
        0.038397073450071706,
        -0.1269209323828968
      ],
      [
        0.0032017834956214707,
        0.5784575074685893,
        -0.8157062342753512,
        -0.08160983767788624
      ],
      [
        -0.06187141099671714,
        0.8142621963387957,
        0.57719061332873,
        0.4208364166578282
      ],
      [
        0.0,
        0.0,
        0.0,
        1.0
      ]
    ],
    "joint_position": [
      0.7823325829162794,
      0.6545534580836713,
      -0.2826611583177244,
      -1.4221154243916918,
      -0.5652198012862861,
      1.59678114357273,
      -0.11832168389175288
    ]
  },
  {
    "T_base_ee": [
      [
        0.08829100124897085,
        0.980200043354856,
        -0.17723592780695852,
        0.7066550211414405
      ],
      [
        0.8807743639771682,
        -0.15992730147654197,
        -0.44571266304991464,
        0.1239149825359716
      ],
      [
        -0.46523243530419256,
        -0.11675244429805498,
        -0.8774552113306756,
        0.32387764777301425
      ],
      [
        0.0,
        0.0,
        0.0,
        1.0
      ]
    ],
    "T_camera_board": [
      [
        0.960788568258458,
        0.1989519735047896,
        0.19314098307301816,
        -0.16562007361244355
      ],
      [
        -0.04967660849478518,
        0.8087860004785188,
        -0.5860012286663037,
        -0.08471522617282667
      ],
      [
        -0.27279582414750825,
        0.5534286924875789,
        0.7869556027243029,
        0.49747409106715734
      ],
      [
        0.0,
        0.0,
        0.0,
        1.0
      ]
    ],
    "joint_position": [
      0.2978741733031876,
      1.0180073261693885,
      0.00857610072330905,
      -0.497937703985658,
      -0.4165563030600286,
      1.2138241054816283,
      -0.4366136206418508
    ]
  },
  {
    "T_base_ee": [
      [
        0.9563245696796898,
        -0.017350192544670483,
        -0.29179151503362577,
        0.6999463365091295
      ],
      [
        -0.017208355530365364,
        -0.9998472649152188,
        0.0030527596526128574,
        -0.05631557786450803
      ],
      [
        -0.29179991419960416,
        0.002101823070322073,
        -0.9564770736472905,
        0.34152244808449994
      ],
      [
        0.0,
        0.0,
        0.0,
        1.0
      ]
    ],
    "T_camera_board": [
      [
        -0.04337669861236801,
        0.9977077150652078,
        0.051940132045014964,
        -0.08672797178261475
      ],
      [
        -0.8838573880908598,
        -0.01408679339908478,
        -0.46754430781363854,
        0.11300548207457677
      ],
      [
        -0.46574089313125017,
        -0.06618819797436173,
        0.8824423737073214,
        0.5696274441871783
      ],
      [
        0.0,
        0.0,
        0.0,
        1.0
      ]
    ],
    "joint_position": [
      -0.07607206126609059,
      0.9432521114851319,
      0.006813151865449749,
      -0.5376961875800474,
      -0.02508363698329053,
      1.185427372004653,
      0.7258425187131137
    ]
  },
  {
    "T_base_ee": [
      [
        0.9600219026273051,
        -0.2704702921482006,
        0.07213714397670593,
        0.5149984996261833
      ],
      [
        -0.2611073787489242,
        -0.7723505141297007,
        0.5790488926562705,
        -0.22454967489346928
      ],
      [
        -0.10090036292657648,
        -0.5747351602162984,
        -0.8120951990822449,
        0.2817581679787682
      ],
      [
        0.0,
        0.0,
        0.0,
        1.0
      ]
    ],
    "T_camera_board": [
      [
        -0.28369923527781027,
        0.7351790856026953,
        0.6156512454264755,
        -0.010834331362841617
      ],
      [
        -0.9567799545668535,
        -0.17421976759521923,
        -0.23285100626391447,
        0.08664741899151347
      ],
      [
        -0.06392857296886423,
        -0.6551024230389111,
        0.7528306269584895,
        0.5540583381640108
      ],
      [
        0.0,
        0.0,
        0.0,
        1.0
      ]
    ],
    "joint_position": [
      -0.4172161044599615,
      0.2531507872916205,
      -0.1884733574472815,
      -1.8779290666239765,
      0.6020868469241014,
      1.7602035645083658,
      0.24737205998190556
    ]
  },
  {
    "T_base_ee": [
      [
        0.9598971153457492,
        -0.271343514605796,
        0.07049982292377423,
        0.5148277517369811
      ],
      [
        -0.26077448818473536,
        -0.7718486321821023,
        0.5798675325542957,
        -0.22432793302233542
      ],
      [
        -0.10292810239627788,
        -0.5749977270215876,
        -0.8116547416587359,
        0.28069692497574045
      ],
      [
        0.0,
        0.0,
        0.0,
        1.0
      ]
    ],
    "T_camera_board": [
      [
        -0.28518219268724787,
        0.7347512217536711,
        0.6154768550527152,
        -0.011197052653788031
      ],
      [
        -0.9562057757798523,
        -0.17395451827848785,
        -0.2353940099827312,
        0.0857817265762189
      ],
      [
        -0.06589105659605393,
        -0.6556527035725445,
        0.7521820929526765,
        0.5526559103331173
      ],
      [
        0.0,
        0.0,
        0.0,
        1.0
      ]
    ],
    "joint_position": [
      -0.41707982665091226,
      0.2547596804440372,
      -0.1884265933957016,
      -1.8783853861565794,
      0.6020846047930506,
      1.7600703680515284,
      0.24733737167095143
    ]
  },
  {
    "T_base_ee": [
      [
        -0.08191748043779362,
        -0.911245601523632,
        0.40363471122112193,
        0.4306101406262214
      ],
      [
        -0.7833219341758081,
        0.3092655964787035,
        0.5392230876675657,
        -0.24204997085500302
      ],
      [
        -0.6161949966023704,
        -0.2720041259586084,
        -0.7391329255443158,
        0.20355144831578975
      ],
      [
        0.0,
        0.0,
        0.0,
        1.0
      ]
    ],
    "T_camera_board": [
      [
        -0.8956792076622859,
        -0.34193131607169025,
        0.284326805016589,
        0.15766776129140414
      ],
      [
        0.021186309554310806,
        -0.6714509459001337,
        -0.740746088438734,
        0.11071539821800036
      ],
      [
        0.4441957870679646,
        -0.6574470338660734,
        0.608648913916532,
        0.48122058775657434
      ],
      [
        0.0,
        0.0,
        0.0,
        1.0
      ]
    ],
    "joint_position": [
      -0.07125918091174105,
      0.13259515060527644,
      -0.6656871773171711,
      -2.331600965006221,
      0.9806002427805925,
      2.0712596235558713,
      1.1875168108378178
    ]
  },
  {
    "T_base_ee": [
      [
        0.11142829857197112,
        -0.8592302455004586,
        0.49930663874474757,
        0.4012618346932699
      ],
      [
        -0.9806025227281863,
        -0.013538970104454803,
        0.19553871408912335,
        -0.11563217142774669
      ],
      [
        -0.16125267965672044,
        -0.5114098957839326,
        -0.8440719707452645,
        0.2332256049496147
      ],
      [
        0.0,
        0.0,
        0.0,
        1.0
      ]
    ],
    "T_camera_board": [
      [
        -0.8448044226761912,
        -0.019755093725868964,
        0.5347104110625016,
        0.09189533351402775
      ],
      [
        -0.18086201700143417,
        -0.9299573017520905,
        -0.32010677550489963,
        0.13430785620011415
      ],
      [
        0.50358159044282,
        -0.3671364231315839,
        0.7820590953228697,
        0.413728917256597
      ],
      [
        0.0,
        0.0,
        0.0,
        1.0
      ]
    ],
    "joint_position": [
      0.16742446993003807,
      -0.4034794599581905,
      -0.47582762870872947,
      -2.8567161456375767,
      0.7071174739688717,
      2.881996380367539,
      1.3198067123388313
    ]
  },
  {
    "T_base_ee": [
      [
        0.17419509453117443,
        -0.9763710557990195,
        -0.12788913338975583,
        0.6082032427060381
      ],
      [
        -0.8476909582800303,
        -0.21477358788505696,
        0.4850694230697947,
        -0.1927344052675344
      ],
      [
        -0.5010749527681053,
        0.023913748030939624,
        -0.8650734213715929,
        0.2405591893108609
      ],
      [
        0.0,
        0.0,
        0.0,
        1.0
      ]
    ],
    "T_camera_board": [
      [
        -0.9825962806340669,
        0.185680828543199,
        -0.005213367012715603,
        0.11601232967550261
      ],
      [
        -0.13704877027694318,
        -0.7436163035686653,
        -0.6544099843618313,
        0.111245733164995
      ],
      [
        -0.12538813281038916,
        -0.6423063311056382,
        0.7561219433212724,
        0.5086294517045515
      ],
      [
        0.0,
        0.0,
        0.0,
        1.0
      ]
    ],
    "joint_position": [
      0.09349431511651853,
      0.6889831623130402,
      -0.716040098726733,
      -1.4458350751424487,
      0.7664303787126959,
      1.5229822276882705,
      1.4061993856021238
    ]
  },
  {
    "T_base_ee": [
      [
        0.5357850470194415,
        0.8412399376320994,
        -0.07245516353660922,
        0.6681710580194409
      ],
      [
        0.7751061494424163,
        -0.5240630716491833,
        -0.3529424231091721,
        0.07581932885750298
      ],
      [
        -0.3348803375639212,
        0.13294082994462164,
        -0.9328354062999055,
        0.3018273552686622
      ],
      [
        0.0,
        0.0,
        0.0,
        1.0
      ]
    ],
    "T_camera_board": [
      [
        0.8260742214651553,
        0.5607753242755817,
        -0.05596799366024875,
        -0.182373184727873
      ],
      [
        -0.5122809920625682,
        0.7058036566805764,
        -0.4892947816886236,
        0.019189727445269065
      ],
      [
        -0.23488202528530905,
        0.4328651451664166,
        0.8703207456437703,
        0.45372913788084895
      ],
      [
        0.0,
        0.0,
        0.0,
        1.0
      ]
    ],
    "joint_position": [
      0.38035851972639423,
      0.5110755480334335,
      -0.2241830878798945,
      -1.4298678572861074,
      -0.23789407506461477,
      1.7841833658480553,
      0.039104183991393635
    ]
  }
]